x
0 1
1 0 0.904864
2 0 0.702611
3 0 0.931609
4 0 0.698502
5 0 0.938147
6 0 0.706449
7 0 0.78027
8 0 0.637694
9 0 0.947758
10 0 0.864296
11 0 0.71559
12 0 0.767944
13 0 0.852178
14 0 0.933037
15 0 0.846528
16 0 0.7829660000000001
17 0 0.734904
18 0 0.992278
19 0 0.916254
20 0 0.753584
21 0 0.690867
22 0 0.773158
23 0 0.990377
24 0 0.884964
25 0 0.8997230000000001
26 0 0.83876
27 0 0.929164
28 0 0.895551
29 0 0.897423
30 0 0.980921
31 0 0.96844
32 0 0.998513
33 0 0.8110230000000001
34 0 0.826945
35 0 0.798352
36 0 0.997785
37 0 0.9895929999999999
38 0 0.943716
39 0 0.909826
40 0 0.827641
41 0 0.96922
42 0 0.784852
43 0 0.900854
44 0 0.593809
45 0 0.945765
46 0 0.836834
47 0 0.840627
48 0 0.838052
49 0 0.710377
50 0 0.971286
51 0 0.848034
52 0 0.81154
53 0 0.660532
54 0 0.999315
55 0 0.860451
56 0 0.77107
57 0 0.778571
58 0 0.77757
59 0 0.9845390000000001
60 0 0.860586
61 0 0.982412
62 0 0.826603
63 0 0.912871
64 0 0.961855
65 0 0.939978
66 0 0.970364
67 0 0.9232
68 0 0.999866
69 0 0.80584
70 0 0.770424
71 0 0.828586
72 0 0.98387
73 0 0.878174
74 0 0.922445
75 0 0.979728
76 0 0.8139
77 0 0.893355
78 0 0.751238
79 0 0.712146
80 0 0.627073
81 0 0.970143
82 0 0.789398
83 0 0.6935980000000001
84 0 0.764163
85 0 0.690128
86 0 0.973914
87 0 0.74965
88 0 0.86272
89 0 0.76541
90 0 0.963739
91 0 0.914481
92 0 0.722413
93 0 0.746451
94 0 0.787507
95 0 0.9991950000000001
96 0 0.8205400000000001
97 0 0.94685
98 0 0.863463
99 0 0.999892
100 0 0.935038
101 0 0.996364
102 0 0.91671
103 0 0.91806
104 0 0.997378
105 0 0.8189380000000001
106 0 0.807129
107 0 0.691899
108 0 0.999829
109 0 0.976829
110 0 0.752078
111 0 0.933434
112 0 0.71306
113 0 0.882197
114 0 0.740187
115 0 0.615216
116 0 0.629194
117 0 0.999568
118 0 0.810771
119 0 0.73411
120 0 0.789436
121 0 0.67986
122 0 0.975563
123 0 0.835356
124 0 0.932497
125 0 0.85645
126 0 0.980581
127 0 0.865663
128 0 0.780381
129 0 0.911502
130 0 0.866967
131 0 0.989949
132 0 0.831924
133 0 0.975884
134 0 0.844542
135 0 0.998695
136 0 0.862679
137 0 0.885418
138 0 0.925052
139 0 0.928712
140 0 0.993401
141 0 0.808877
142 0 0.799002
143 0 0.7915410000000001
144 0 0.996873
145 0 0.83983
146 0 0.802436
147 0 0.970056
148 0 0.698121
149 0 0.93154
150 0 0.775292
151 0 0.710553
152 0 0.617413
153 0 0.970143
154 0 0.828183
155 0 0.6783630000000001
156 0 0.850167
157 0 0.833883
158 0 0.955266
159 0 0.7042270000000001
160 0 0.825152
161 0 0.707192
162 0 0.9847320000000001
163 0 0.824894
164 0 0.767682
165 0 0.831665
166 0 0.777573
167 0 0.987334
168 0 0.919471
169 0 0.962567
170 0 0.964452
171 0 0.912511
172 0 0.911884
173 0 0.9303900000000001
174 0 0.952053
175 0 0.9435710000000001
176 0 0.986394
177 0 0.7446700000000001
178 0 0.78374
179 0 0.743112
180 0 0.950564
181 0 0.916701
182 0 0.885242
183 0 0.975002
184 0 0.931889
185 0 0.9647480000000001
186 0 0.683104
187 0 0.749433
188 0 0.707128
189 0 0.930539
190 0 0.814007
191 0 0.709396
192 0 0.711924
193 0 0.7117250000000001
194 0 0.9680490000000001
195 0 0.894505
196 0 0.818835
197 0 0.88512
198 0 0.9993260000000001
199 0 0.836817
200 0 0.8334240000000001
201 0 0.782429
202 0 0.76256
203 0 0.971484
204 0 0.872508
205 0 0.964045
206 0 0.9568140000000001
207 0 0.99162
208 0 0.926195
209 0 0.919664
210 0 0.91255
211 0 0.868987
212 0 0.980581
213 0 0.787536
214 0 0.7248
215 0 0.714623
216 0 0.998822
217 0 0.879532
218 0 0.8838470000000001
219 0 0.87526
220 0 0.871101
221 0 0.905466
222 0 0.715738
223 0 0.710266
224 0 0.703078
225 0 0.885192
226 0 0.803642
227 0 0.694139
228 0 0.794775
229 0 0.664598
230 0 0.9632810000000001
231 0 0.662749
232 0 0.872825
233 0 0.749417
234 0 0.927967
235 0 0.8905419999999999
236 0 0.832197
237 0 0.823803
238 0 0.837665
239 0 0.949282
240 0 0.882505
241 0 0.914656
242 0 0.963312
243 0 0.973304
244 0 0.820595
245 0 0.911681
246 0 0.983087
247 0 0.836604
248 0 0.999261
249 0 0.696413
250 0 0.683154
251 0 0.635191
252 0 0.9704970000000001
253 0 0.931275
254 0 0.850352
255 0 0.876907
256 0 0.795111
257 0 0.991228
258 0 0.78799
259 0 0.7362030000000001
260 0 0.616124
261 0 0.876152
262 0 0.943237
263 0 0.74491
264 0 0.811513
265 0 0.784148
266 0 0.902895
267 0 0.827897
268 0 0.935663
269 0 0.843711
270 0 0.9486830000000001
271 0 0.862758
272 0 0.645946
273 0 0.81213
274 0 0.754696
275 0 0.974355
276 0 0.7934560000000001
277 0 0.931418
278 0 0.88991
279 0 0.974353
280 0 0.845295
281 0 0.9616360000000001
282 0 0.968707
283 0 0.920682
284 0 0.9847320000000001
285 0 0.760159
286 0 0.809638
287 0 0.879782
288 0 0.968175
289 0 0.926211
290 0 0.759841
291 0 0.983629
292 0 0.910351
293 0 0.891319
294 0 0.751591
295 0 0.749708
296 0 0.70419
297 0 0.999204
298 0 0.837279
299 0 0.6727
300 0 0.928395
301 0 0.822325
302 0 0.924851
303 0 0.859689
304 0 0.910976
305 0 0.835476
306 0 0.9979130000000001
307 0 0.8118
308 0 0.760056
309 0 0.715339
310 0 0.73549
311 0 0.968496
312 0 0.913879
313 0 0.961329
314 0 0.895212
315 0 0.970143
316 0 0.898083
317 0 0.951565
318 0 0.92568
319 0 0.783324
320 0 0.988372
321 0 0.816652
322 0 0.737201
323 0 0.788519
324 0 0.980581
325 0 0.925447
326 0 0.766636
327 0 0.813916
328 0 0.668621
329 0 0.958225
330 0 0.792627
331 0 0.756779
332 0 0.692226
333 0 0.9218420000000001
334 0 0.8651180000000001
335 0 0.7032620000000001
336 0 0.733142
337 0 0.827649
338 0 0.98482
339 0 0.840679
340 0 0.866456
341 0 0.78476
342 0 0.958969
343 0 0.871281
344 0 0.694721
345 0 0.770079
346 0 0.78773
347 0 0.980581
348 0 0.901264
349 0 0.950607
350 0 0.838151
351 0 0.990282
352 0 0.883447
353 0 0.993977
354 0 0.995586
355 0 0.898112
356 0 0.970143
357 0 0.773452
358 0 0.74518
359 0 0.704771
360 0 0.9613580000000001
361 0 0.924087
362 0 0.972124
363 0 0.863008
364 0 0.920512
365 0 0.9476250000000001
366 0 0.723563
367 0 0.837827
368 0 0.622363
369 0 0.961616
370 0 0.8172930000000001
371 0 0.700364
372 0 0.778273
373 0 0.786686
374 0 0.963087
375 0 0.834834
376 0 0.88101
377 0 0.782149
378 0 0.998035
379 0 0.798814
380 0 0.82534
381 0 0.795289
382 0 0.7533220000000001
383 0 0.9933070000000001
384 0 0.819396
385 0 0.872872
386 0 0.879491
387 0 0.985579
388 0 0.840191
389 0 0.868301
390 0 0.952548
391 0 0.843691
392 0 0.955592
393 0 0.82066
394 0 0.822534
395 0 0.833353
396 0 0.977917
397 0 0.851528
398 0 0.9912530000000001
399 0 0.9764350000000001
400 0 0.964758
401 0 0.929981
402 0 0.722867
403 0 0.784266
404 0 0.801076
405 0 0.899897
406 0 0.794834
407 0 0.733792
408 0 0.753528
409 0 0.713278
410 0 0.990443
411 0 0.778018
412 0 0.976343
413 0 0.784811
414 0 0.962176
415 0 0.868345
416 0 0.771097
417 0 0.8565660000000001
418 0 0.831493
419 0 0.961572
420 0 0.892962
421 0 0.938983
422 0 0.8909200000000001
423 0 0.9779290000000001
424 0 0.900828
425 0 0.963222
426 0 0.930626
427 0 0.964185
428 0 0.999654
429 0 0.717465
430 0 0.8905690000000001
431 0 0.702035
432 0 0.997054
433 0 0.865173
434 0 0.864414
435 0 0.882552
436 0 0.889327
437 0 0.926011
438 0 0.732676
439 0 0.760356
440 0 0.6933200000000001
441 0 0.938146
442 0 0.793275
443 0 0.7907650000000001
444 0 0.7911820000000001
445 0 0.733248
446 0 0.900533
447 0 0.874648
448 0 0.873538
449 0 0.858422
450 0 0.999914
451 0 0.869871
452 0 0.717156
453 0 0.707919
454 0 0.727391
455 0 0.999585
456 0 0.938479
457 0 0.985416
458 0 0.9710259999999999
459 0 0.989034
460 0 0.959364
461 0 0.860184
462 0 0.986543
463 0 0.87182
464 0 0.970495
465 0 0.669303
466 0 0.742308
467 0 0.669311
468 0 0.935913
469 0 0.950828
470 0 0.916415
471 0 0.863271
472 0 0.746421
473 0 0.9486830000000001
474 0 0.753772
475 0 0.733438
476 0 0.706333
477 0 0.9147110000000001
478 0 0.869569
479 0 0.7279640000000001
480 0 0.725158
481 0 0.770273
482 0 0.992278
483 0 0.840135
484 0 0.800319
485 0 0.780176
486 0 0.9517640000000001
487 0 0.899411
488 0 0.8379490000000001
489 0 0.741829
490 0 0.876343
491 0 0.990719
492 0 0.860081
493 0 0.966343
494 0 0.792534
495 0 0.998421
496 0 0.904342
497 0 0.868479
498 0 0.908691
499 0 0.90473
500 0 0.966868
501 0 0.7964830000000001
502 0 0.810245
503 0 0.644713
504 0 0.956716
505 0 0.878838
506 0 0.961168
507 0 0.908952
508 0 0.922427
509 0 0.898547
510 0 0.787888
511 0 0.805517
512 0 0.770818
513 0 0.90056
514 0 0.900415
515 0 0.777338
516 0 0.7514690000000001
517 0 0.825152
518 0 0.9847320000000001
519 0 0.884869
520 0 0.900153
521 0 0.786723
522 0 0.890772
523 0 0.837716
524 0 0.826935
525 0 0.759289
526 0 0.806885
527 0 0.981501
528 0 0.797075
529 0 0.852116
530 0 0.902176
531 0 0.900783
532 0 0.866028
533 0 0.967292
534 0 0.925495
535 0 0.912199
536 0 0.953821
537 0 0.665343
538 0 0.871387
539 0 0.702531
540 0 0.975453
541 0 0.73941
542 0 0.758588
543 0 0.852923
544 0 0.84917
545 0 0.970143
546 0 0.708796
547 0 0.769971
548 0 0.731299
549 0 0.882024
550 0 0.83518
551 0 0.733691
552 0 0.787371
553 0 0.7930120000000001
554 0 0.9172860000000001
555 0 0.947771
556 0 0.9485440000000001
557 0 0.815538
558 0 0.919968
559 0 0.875217
560 0 0.798181
561 0 0.886583
562 0 0.758611
563 0 0.985757
564 0 0.737039
565 0 0.985692
566 0 0.907274
567 0 0.998291
568 0 0.901623
569 0 0.998982
570 0 0.993323
571 0 0.903793
572 0 0.9847320000000001
573 0 0.9064910000000001
574 0 0.78272
575 0 0.699714
576 0 0.992278
577 0 0.904104
578 0 0.861905
579 0 0.943622
580 0 0.873082
581 0 0.942242
582 0 0.7654300000000001
583 0 0.75176
584 0 0.8030890000000001
585 0 0.949611
586 0 0.892868
587 0 0.798807
588 0 0.776549
589 0 0.726223
590 0 0.914681
591 0 0.901658
592 0 0.974998
593 0 0.8757700000000001
594 0 0.976361
595 0 0.84131
596 0 0.730244
597 0 0.845459
598 0 0.819027
599 0 0.912889
600 0 0.924941
601 0 0.852301
602 0 0.97544
603 0 0.957326
604 0 0.872667
605 0 0.954628
606 0 0.973329
607 0 0.849988
608 0 0.936227
609 0 0.739189
610 0 0.8481030000000001
611 0 0.8522920000000001
612 0 0.986394
613 0 0.924327
614 0 0.9273940000000001
615 0 0.981303
616 0 0.913234
617 0 0.974044
618 0 0.760282
619 0 0.758826
620 0 0.671309
621 0 0.927489
622 0 0.910158
623 0 0.764182
624 0 0.736694
625 0 0.844118
626 0 0.970143
627 0 0.873198
628 0 0.910753
629 0 0.829901
630 0 0.925764
631 0 0.803403
632 0 0.732959
633 0 0.820435
634 0 0.757966
635 0 0.98387
636 0 0.843891
637 0 0.958587
638 0 0.781017
639 0 0.9999400000000001
640 0 0.945703
641 0 0.889632
642 0 0.963702
643 0 0.972041
644 0 0.992855
645 0 0.7400870000000001
646 0 0.787671
647 0 0.659062
648 0 0.977255
649 0 0.959883
650 0 0.96589
651 0 0.853466
652 0 0.802701
653 0 0.946746
654 0 0.7846880000000001
655 0 0.792629
656 0 0.736684
657 0 0.93398
658 0 0.856735
659 0 0.765556
660 0 0.760944
661 0 0.8261460000000001
662 0 0.950542
663 0 0.8511
664 0 0.8541220000000001
665 0 0.936661
666 0 0.973913
667 0 0.792441
668 0 0.852744
669 0 0.743461
670 0 0.779222
671 0 0.948332
672 0 0.818901
673 0 0.9233940000000001
674 0 0.8100500000000001
675 0 0.983741
676 0 0.796918
677 0 0.755332
678 0 0.875867
679 0 0.867733
680 0 0.989949
681 0 0.8202620000000001
682 0 0.968294
683 0 0.795011
684 0 0.997785
685 0 0.922696
686 0 0.821559
687 0 0.954989
688 0 0.847559
689 0 0.8983
690 0 0.740474
691 0 0.699897
692 0 0.763449
693 0 0.918083
694 0 0.815912
695 0 0.693918
696 0 0.760146
697 0 0.78394
698 0 0.94612
699 0 0.8295129999999999
700 0 0.843369
701 0 0.772126
702 0 0.8828510000000001
703 0 0.907249
704 0 0.72629
705 0 0.710593
706 0 0.800885
707 0 0.988012
708 0 0.978914
709 0 0.99399
710 0 0.992924
711 0 0.99956
712 0 0.905002
713 0 0.820918
714 0 0.988717
715 0 0.975667
716 0 0.915936
717 0 0.765217
718 0 0.750403
719 0 0.790651
720 0 0.971166
721 0 0.992599
722 0 0.924011
723 0 0.879371
724 0 0.900875
725 0 0.914361
726 0 0.793635
727 0 0.758273
728 0 0.733437
729 0 0.920984
730 0 0.780373
731 0 0.70125
732 0 0.806344
733 0 0.785985
734 0 0.8940590000000001
735 0 0.924191
736 0 0.908506
737 0 0.65198
738 0 0.967971
739 0 0.818198
740 0 0.713092
741 0 0.7012850000000001
742 0 0.777934
743 0 0.970267
744 0 0.84183
745 0 0.939585
746 0 0.908818
747 0 0.970951
748 0 0.876865
749 0 0.838773
750 0 0.923573
751 0 0.803487
752 0 0.996372
753 0 0.804483
754 0 0.721006
755 0 0.7064510000000001
756 0 0.882315
757 0 0.8830170000000001
758 0 0.783143
759 0 0.816146
760 0 0.934288
761 0 0.927108
762 0 0.751169
763 0 0.777264
764 0 0.7194430000000001
765 0 0.959616
766 0 0.810833
767 0 0.818017
768 0 0.772027
769 0 0.749985
770 0 0.950135
771 0 0.913598
772 0 0.942809
773 0 0.876309
774 0 0.971992
775 0 0.838982
776 0 0.764254
777 0 0.855595
778 0 0.711936
779 0 0.9568910000000001
780 0 0.825209
781 0 0.946375
782 0 0.984201
783 0 0.922504
784 0 0.888808
785 0 0.98427
786 0 0.998045
787 0 0.970661
788 0 0.993127
789 0 0.859094
790 0 0.745227
791 0 0.730585
792 0 0.958697
793 0 0.833079
794 0 0.823063
795 0 0.849622
796 0 0.876339
797 0 0.975537
798 0 0.746745
799 0 0.87345
800 0 0.598665
801 0 0.92362
802 0 0.84167
803 0 0.859779
804 0 0.783562
805 0 0.815397
806 0 0.980581
807 0 0.823607
808 0 0.937043
809 0 0.771702
810 0 0.894427
811 0 0.785584
812 0 0.797172
813 0 0.797082
814 0 0.714158
815 0 0.996546
816 0 0.877676
817 0 0.930191
818 0 0.863394
819 0 0.9847320000000001
820 0 0.984753
821 0 0.973992
822 0 0.978268
823 0 0.950128
824 0 0.98857
825 0 0.721181
826 0 0.871918
827 0 0.691282
828 0 0.929194
829 0 0.837906
830 0 0.869259
831 0 0.955039
832 0 0.820769
833 0 0.8706120000000001
834 0 0.795027
835 0 0.733985
836 0 0.776501
837 0 0.878128
838 0 0.8362810000000001
839 0 0.726718
840 0 0.783261
841 0 0.867147
842 0 0.917695
843 0 0.897416
844 0 0.9150470000000001
845 0 0.823537
846 0 0.916254
847 0 0.92355
848 0 0.793859
849 0 0.8308100000000001
850 0 0.817456
851 0 0.963087
852 0 0.8105250000000001
853 0 0.91823
854 0 0.788051
855 0 0.992278
856 0 0.815898
857 0 0.919689
858 0 0.911865
859 0 0.972691
860 0 0.989949
861 0 0.810731
862 0 0.792086
863 0 0.709373
864 0 0.987959
865 0 0.858241
866 0 0.979097
867 0 0.90584
868 0 0.932721
869 0 0.916331
870 0 0.7057790000000001
871 0 0.81952
872 0 0.79503
873 0 0.8400530000000001
874 0 0.8179650000000001
875 0 0.836623
876 0 0.698395
877 0 0.747362
878 0 0.961269
879 0 0.941576
880 0 0.940612
881 0 0.8383659999999999
882 0 0.980581
883 0 0.839805
884 0 0.869119
885 0 0.745013
886 0 0.826296
887 0 0.9645510000000001
888 0 0.924443
889 0 0.859192
890 0 0.889846
891 0 0.98087
892 0 0.914336
893 0 0.862371
894 0 0.958815
895 0 0.8721330000000001
896 0 0.970495
897 0 0.8302810000000001
898 0 0.720492
899 0 0.864815
900 0 0.997459
901 0 0.850869
902 0 0.942439
903 0 0.941785
904 0 0.819806
905 0 0.875579
906 0 0.817997
907 0 0.7878540000000001
908 0 0.6659350000000001
909 0 0.891324
910 0 0.835649
911 0 0.7301260000000001
912 0 0.761638
913 0 0.881871
914 0 0.975239
915 0 0.822575
916 0 0.948078
917 0 0.895636
918 0 0.996569
919 0 0.899749
920 0 0.76272
921 0 0.796107
922 0 0.727632
923 0 0.92553
924 0 0.858981
925 0 0.952592
926 0 0.91656
927 0 0.96013
928 0 0.902212
929 0 0.813823
930 0 0.874642
931 0 0.855513
932 0 0.989949
933 0 0.772159
934 0 0.779589
935 0 0.795688
936 0 0.980581
937 0 0.845814
938 0 0.93989
939 0 0.837988
940 0 0.8855420000000001
941 0 0.931955
942 0 0.817175
943 0 0.799792
944 0 0.851131
945 0 0.98
946 0 0.815285
947 0 0.72408
948 0 0.836431
949 0 0.773856
950 0 0.971764
951 0 0.921633
952 0 0.959594
953 0 0.8264510000000001
954 0 0.994652
955 0 0.813029
956 0 0.684727
957 0 0.737275
958 0 0.8240380000000001
959 0 0.866895
960 0 0.79918
961 0 0.959931
962 0 0.979366
963 0 0.987045
964 0 0.8359720000000001
965 0 0.777033
966 0 0.950677
967 0 0.861244
968 0 0.986394
969 0 0.794075
970 0 0.802042
971 0 0.792697
972 0 0.8537630000000001
973 0 0.855394
974 0 0.966727
975 0 0.895238
976 0 0.913389
977 0 0.879861
978 0 0.741053
979 0 0.860044
980 0 0.823909
981 0 0.913363
982 0 0.836579
983 0 0.808121
984 0 0.7744760000000001
985 0 0.7182190000000001
986 0 0.976531
987 0 0.780208
988 0 0.828216
989 0 0.709439
990 0 0.898246
991 0 0.845988
992 0 0.692464
993 0 0.788887
994 0 0.761519
995 0 0.952179
996 0 0.770335
997 0 0.9978630000000001
998 0 0.986101
999 0 0.963087
1000 0 0.945694
1001 0 0.9831260000000001
1002 0 0.908035
1003 0 0.787478
1004 0 0.998674
1005 0 0.675898
1006 0 0.902575
1007 0 0.768795
1008 0 0.947241
1009 0 0.91819
1010 0 0.879826
1011 0 0.92582
1012 0 0.846741
1013 0 0.936346
1014 0 0.823894
1015 0 0.832607
1016 0 0.831724
1017 0 0.916522
1018 0 0.838618
1019 0 0.809003
1020 0 0.911809
1021 0 0.703627
1022 0 0.970799
1023 0 0.931299
1024 0 0.887234
1025 0 0.886012
1026 0 0.965016
1027 0 0.784894
1028 0 0.783174
1029 0 0.653828
1030 0 0.791211
1031 0 0.953404
1032 0 0.884773
1033 0 0.783806
1034 0 0.815848
1035 0 0.976469
1036 0 0.973522
1037 0 0.892792
1038 0 0.919751
1039 0 0.946792
1040 0 0.932786
1041 0 0.694605
1042 0 0.7456080000000001
1043 0 0.795529
1044 0 0.91758
1045 0 0.7857460000000001
1046 0 0.812427
1047 0 0.876887
1048 0 0.723383
1049 0 0.972235
1050 0 0.851005
1051 0 0.8191000000000001
1052 0 0.72731
1053 0 0.899767
1054 0 0.877098
1055 0 0.8880940000000001
1056 0 0.8826810000000001
1057 0 0.835855
1058 0 0.98387
1059 0 0.775348
1060 0 0.8956690000000001
1061 0 0.914042
1062 0 0.942334
1063 0 0.966598
1064 0 0.732333
1065 0 0.761997
1066 0 0.790176
1067 0 0.990375
1068 0 0.7791940000000001
1069 0 0.922602
1070 0 0.786467
1071 0 0.927439
1072 0 0.918085
1073 0 0.940706
1074 0 0.9480110000000001
1075 0 0.871525
1076 0 0.930214
1077 0 0.717532
1078 0 0.826744
1079 0 0.790728
1080 0 0.886914
1081 0 0.929068
1082 0 0.963664
1083 0 0.923084
1084 0 0.934779
1085 0 0.879543
1086 0 0.789131
1087 0 0.852236
1088 0 0.750366
1089 0 0.982683
1090 0 0.85616
1091 0 0.758141
1092 0 0.80203
1093 0 0.717216
1094 0 0.92241
1095 0 0.7679009999999999
1096 0 0.962531
1097 0 0.925931
1098 0 0.963087
1099 0 0.896543
1100 0 0.872596
1101 0 0.868541
1102 0 0.804424
1103 0 0.9531230000000001
1104 0 0.915811
1105 0 0.978421
1106 0 0.8001700000000001
1107 0 0.999533
1108 0 0.986348
1109 0 0.989532
1110 0 0.881162
1111 0 0.84615
1112 0 0.9405480000000001
1113 0 0.782003
1114 0 0.792237
1115 0 0.675596
1116 0 0.986394
1117 0 0.933567
1118 0 0.912061
1119 0 0.936636
1120 0 0.991888
1121 0 0.929213
1122 0 0.735121
1123 0 0.752597
1124 0 0.794436
1125 0 0.900366
1126 0 0.760711
1127 0 0.8266750000000001
1128 0 0.813581
1129 0 0.746667
1130 0 0.883174
1131 0 0.985382
1132 0 0.9714390000000001
1133 0 0.913045
1134 0 0.937234
1135 0 0.85686
1136 0 0.845564
1137 0 0.801344
1138 0 0.682317
1139 0 0.972306
1140 0 0.901614
1141 0 0.918641
1142 0 0.878181
1143 0 0.912847
1144 0 0.9116800000000001
1145 0 0.940689
1146 0 0.931046
1147 0 0.805728
1148 0 0.9124370000000001
1149 0 0.80068
1150 0 0.8280070000000001
1151 0 0.791915
1152 0 0.932979
1153 0 0.9060240000000001
1154 0 0.959209
1155 0 0.936509
1156 0 0.902103
1157 0 0.951663
1158 0 0.780542
1159 0 0.793615
1160 0 0.760439
1161 0 0.963087
1162 0 0.8477940000000001
1163 0 0.738115
1164 0 0.84882
1165 0 0.691197
1166 0 0.8651990000000001
1167 0 0.940195
1168 0 0.921766
1169 0 0.9572040000000001
1170 0 0.96102
1171 0 0.96597
1172 0 0.717529
1173 0 0.627073
1174 0 0.8279530000000001
1175 0 0.986695
1176 0 0.881536
1177 0 0.935927
1178 0 0.812238
1179 0 0.966801
1180 0 0.877657
1181 0 0.928343
1182 0 0.96979
1183 0 0.874646
1184 0 0.93572
1185 0 0.7136
1186 0 0.865597
1187 0 0.831625
1188 0 0.998752
1189 0 0.935872
1190 0 0.820288
1191 0 0.903214
1192 0 0.741183
1193 0 0.871009
1194 0 0.892292
1195 0 0.821101
1196 0 0.894474
1197 0 0.961093
1198 0 0.8014250000000001
1199 0 0.6444
1200 0 0.78043
1201 0 0.856962
1202 0 0.884613
1203 0 0.9199310000000001
1204 0 0.86794
1205 0 0.7363920000000001
1206 0 0.953821
1207 0 0.801486
1208 0 0.808901
1209 0 0.8083
1210 0 0.650375
1211 0 0.89346
1212 0 0.9598410000000001
1213 0 0.943559
1214 0 0.899071
1215 0 0.959577
1216 0 0.846167
1217 0 0.744314
1218 0 0.920952
1219 0 0.936806
1220 0 0.988663
1221 0 0.753061
1222 0 0.758991
1223 0 0.718653
1224 0 0.858227
1225 0 0.9587790000000001
1226 0 0.874189
1227 0 0.952516
1228 0 0.806361
1229 0 0.983958
1230 0 0.703454
1231 0 0.9250310000000001
1232 0 0.801304
1233 0 0.851998
1234 0 0.908501
1235 0 0.793888
1236 0 0.7881240000000001
1237 0 0.799192
1238 0 0.935392
1239 0 0.79639
1240 0 0.914049
1241 0 0.876823
1242 0 0.9143170000000001
1243 0 0.828415
1244 0 0.767242
1245 0 0.808678
1246 0 0.713787
1247 0 0.975233
1248 0 0.835935
1249 0 0.925275
1250 0 0.976464
1251 0 0.943289
1252 0 0.963747
1253 0 0.816292
1254 0 0.842893
1255 0 0.907067
1256 0 0.967096
1257 0 0.753078
1258 0 0.794711
1259 0 0.720592
1260 0 0.946993
1261 0 0.878579
1262 0 0.8782370000000001
1263 0 0.889327
1264 0 0.837008
1265 0 0.961993
1266 0 0.793526
1267 0 0.703688
1268 0 0.671484
1269 0 0.886262
1270 0 0.92611
1271 0 0.794368
1272 0 0.7598240000000001
1273 0 0.7372300000000001
1274 0 0.9622500000000001
1275 0 0.847308
1276 0 0.901532
1277 0 0.902821
1278 0 0.913564
1279 0 0.892387
1280 0 0.793933
1281 0 0.7631
1282 0 0.7778080000000001
1283 0 0.95441
1284 0 0.685045
1285 0 0.786318
1286 0 0.7257439999999999
1287 0 0.951709
1288 0 0.9657170000000001
1289 0 0.978978
1290 0 0.921933
1291 0 0.864631
1292 0 0.95876
1293 0 0.804809
1294 0 0.812242
1295 0 0.782643
1296 0 0.944106
1297 0 0.882585
1298 0 0.786933
1299 0 0.874358
1300 0 0.885526
1301 0 0.871192
1302 0 0.82047
1303 0 0.747472
1304 0 0.821945
1305 0 0.980581
1306 0 0.897724
1307 0 0.795625
1308 0 0.732273
1309 0 0.720571
1310 0 0.854975
1311 0 0.816122
1312 0 0.87958
1313 0 0.862993
1314 0 0.940671
1315 0 0.861183
1316 0 0.794227
1317 0 0.810314
1318 0 0.907332
1319 0 0.951823
1320 0 0.877986
1321 0 0.938686
1322 0 0.837916
1323 0 0.97329
1324 0 0.920543
1325 0 0.9098770000000001
1326 0 0.939947
1327 0 0.770355
1328 0 0.994768
1329 0 0.801471
1330 0 0.70789
1331 0 0.832255
1332 0 0.947588
1333 0 0.96632
1334 0 0.928077
1335 0 0.945254
1336 0 0.906708
1337 0 0.894427
1338 0 0.6984010000000001
1339 0 0.921543
1340 0 0.757474
1341 0 0.916724
1342 0 0.839289
1343 0 0.733432
1344 0 0.779514
1345 0 0.749598
1346 0 0.89308
1347 0 0.95205
1348 0 0.804639
1349 0 0.793303
1350 0 0.958383
1351 0 0.91911
1352 0 0.883133
1353 0 0.779883
1354 0 0.705504
1355 0 0.966595
1356 0 0.924805
1357 0 0.8590060000000001
1358 0 0.900651
1359 0 0.990375
1360 0 0.96273
1361 0 0.843287
1362 0 0.820213
1363 0 0.775606
1364 0 0.958143
1365 0 0.770206
1366 0 0.8163240000000001
1367 0 0.760005
1368 0 0.934076
1369 0 0.973703
1370 0 0.8710830000000001
1371 0 0.913757
1372 0 0.774958
1373 0 0.963087
1374 0 0.703009
1375 0 0.844183
1376 0 0.723918
1377 0 0.912768
1378 0 0.76761
1379 0 0.783304
1380 0 0.852889
1381 0 0.75578
1382 0 0.9001
1383 0 0.8384970000000001
1384 0 0.802088
1385 0 0.948653
1386 0 0.981083
1387 0 0.888757
1388 0 0.823776
1389 0 0.696233
1390 0 0.690115
1391 0 0.989949
1392 0 0.828002
1393 0 0.901793
1394 0 0.94268
1395 0 0.986408
1396 0 0.9847
1397 0 0.931022
1398 0 0.986256
1399 0 0.820712
1400 0 0.925202
1401 0 0.80167
1402 0 0.7215
1403 0 0.83643
1404 0 0.980581
1405 0 0.922576
1406 0 0.823914
1407 0 0.701867
1408 0 0.8580950000000001
1409 0 0.974674
1410 0 0.879364
1411 0 0.790741
1412 0 0.751513
1413 0 0.899266
1414 0 0.796212
1415 0 0.741468
1416 0 0.893814
1417 0 0.645912
1418 0 0.995194
1419 0 0.888706
1420 0 0.845537
1421 0 0.929992
1422 0 0.948971
1423 0 0.845566
1424 0 0.770014
1425 0 0.756301
1426 0 0.740468
1427 0 0.90803
1428 0 0.829923
1429 0 0.958305
1430 0 0.854125
1431 0 0.996116
1432 0 0.924126
1433 0 0.973441
1434 0 0.9872610000000001
1435 0 0.73411
1436 0 0.925646
1437 0 0.804507
1438 0 0.78756
1439 0 0.86643
1440 0 0.912179
1441 0 0.899608
1442 0 0.832232
1443 0 0.98978
1444 0 0.743335
1445 0 0.8884300000000001
1446 0 0.750412
1447 0 0.928153
1448 0 0.838194
1449 0 0.948163
1450 0 0.8727740000000001
1451 0 0.802186
1452 0 0.739554
1453 0 0.843259
1454 0 0.982957
1455 0 0.833831
1456 0 0.82399
1457 0 0.789021
1458 0 0.918231
1459 0 0.953066
1460 0 0.873592
1461 0 0.784463
1462 0 0.7560980000000001
1463 0 0.91201
1464 0 0.771308
1465 0 0.942207
1466 0 0.894118
1467 0 0.944274
1468 0 0.8882330000000001
1469 0 0.850393
1470 0 0.887195
1471 0 0.760149
1472 0 0.986394
1473 0 0.867045
1474 0 0.737725
1475 0 0.74815
1476 0 0.887
1477 0 0.91116
1478 0 0.88762
1479 0 0.88467
1480 0 0.792283
1481 0 0.995893
1482 0 0.726121
1483 0 0.830607
1484 0 0.799562
1485 0 0.963087
1486 0 0.8694960000000001
1487 0 0.714255
1488 0 0.731556
1489 0 0.814219
1490 0 0.949178
1491 0 0.935647
1492 0 0.78431
1493 0 0.840301
1494 0 0.910229
1495 0 0.901119
1496 0 0.749406
1497 0 0.76308
1498 0 0.754856
1499 0 0.958148
1500 0 0.824682
1501 0 0.949238
1502 0 0.931306
1503 0 0.979796
1504 0 0.884108
1505 0 0.8370030000000001
1506 0 0.832401
1507 0 0.829881
1508 0 0.975537
1509 0 0.718526
1510 0 0.750227
1511 0 0.572846
1512 0 0.875135
1513 0 0.803575
1514 0 0.825698
1515 0 0.9469570000000001
1516 0 0.8758550000000001
1517 0 0.89865
1518 0 0.715298
1519 0 0.705582
1520 0 0.749616
1521 0 0.918753
1522 0 0.863213
1523 0 0.815887
1524 0 0.7884060000000001
1525 0 0.729201
1526 0 0.93473
1527 0 0.847812
1528 0 0.9207340000000001
1529 0 0.954828
1530 0 0.981327
1531 0 0.901839
1532 0 0.713253
1533 0 0.780313
1534 0 0.777567
1535 0 0.992278
1536 0 0.910254
1537 0 0.856995
1538 0 0.883805
1539 0 0.903053
1540 0 0.932654
1541 0 0.947362
1542 0 0.946372
1543 0 0.86548
1544 0 0.893964
1545 0 0.7906220000000001
1546 0 0.842032
1547 0 0.778178
1548 0 0.975537
1549 0 0.88331
1550 0 0.8608360000000001
1551 0 0.874019
1552 0 0.849154
1553 0 0.987135
1554 0 0.7420870000000001
1555 0 0.797717
1556 0 0.736139
1557 0 0.923578
1558 0 0.849499
1559 0 0.8649250000000001
1560 0 0.905168
1561 0 0.76364
1562 0 0.942163
1563 0 0.844791
1564 0 0.929759
1565 0 0.805333
1566 0 0.957342
1567 0 0.919585
1568 0 0.770952
1569 0 0.716481
1570 0 0.787468
1571 0 0.951762
1572 0 0.8138530000000001
1573 0 0.850811
1574 0 0.8234280000000001
1575 0 0.953217
1576 0 0.9087730000000001
1577 0 0.844298
1578 0 0.900552
1579 0 0.841494
1580 0 0.97486
1581 0 0.794545
1582 0 0.720275
1583 0 0.702833
1584 0 0.9486830000000001
1585 0 0.9348570000000001
1586 0 0.925998
1587 0 0.9737980000000001
1588 0 0.886839
1589 0 0.966936
1590 0 0.694051
1591 0 0.849969
1592 0 0.786674
1593 0 0.893237
1594 0 0.847714
1595 0 0.771513
1596 0 0.782099
1597 0 0.878181
1598 0 0.936867
1599 0 0.791719
1600 0 0.803964
1601 0 0.793432
1602 0 0.980581
1603 0 0.895963
1604 0 0.6990380000000001
1605 0 0.741722
1606 0 0.658208
1607 0 0.963598
1608 0 0.935393
1609 0 0.970823
1610 0 0.841083
1611 0 0.982199
1612 0 0.920903
1613 0 0.824902
1614 0 0.941918
1615 0 0.816733
1616 0 0.928924
1617 0 0.824221
1618 0 0.727963
1619 0 0.77079
1620 0 0.858735
1621 0 0.972781
1622 0 0.943228
1623 0 0.851629
1624 0 0.813744
1625 0 0.932936
1626 0 0.75473
1627 0 0.798833
1628 0 0.71398
1629 0 0.826982
1630 0 0.80403
1631 0 0.69606
1632 0 0.7571020000000001
1633 0 0.80275
1634 0 0.94248
1635 0 0.900336
1636 0 0.957578
1637 0 0.942348
1638 0 0.981718
1639 0 0.92691
1640 0 0.888103
1641 0 0.710706
1642 0 0.855663
1643 0 0.885221
1644 0 0.873072
1645 0 0.8776350000000001
1646 0 0.84038
1647 0 0.953101
1648 0 0.953194
1649 0 0.8100850000000001
1650 0 0.8434350000000001
1651 0 0.890923
1652 0 0.93473
1653 0 0.753453
1654 0 0.711741
1655 0 0.885915
1656 0 0.989949
1657 0 0.922238
1658 0 0.825494
1659 0 0.980467
1660 0 0.858767
1661 0 0.91673
1662 0 0.806093
1663 0 0.690043
1664 0 0.768069
1665 0 0.872122
1666 0 0.812442
1667 0 0.809854
1668 0 0.848844
1669 0 0.710063
1670 0 0.966282
1671 0 0.838747
1672 0 0.990231
1673 0 0.927462
1674 0 0.9590300000000001
1675 0 0.836355
1676 0 0.783899
1677 0 0.716391
1678 0 0.788479
1679 0 0.9689370000000001
1680 0 0.849903
1681 0 0.809849
1682 0 0.823715
1683 0 0.989949
1684 0 0.968071
1685 0 0.897918
1686 0 0.969437
1687 0 0.894961
1688 0 0.946554
1689 0 0.7799080000000001
1690 0 0.806901
1691 0 0.667826
1692 0 0.999441
1693 0 0.856511
1694 0 0.830234
1695 0 0.9118190000000001
1696 0 0.915162
1697 0 0.916173
1698 0 0.756554
1699 0 0.893674
1700 0 0.864003
1701 0 0.87757
1702 0 0.887702
1703 0 0.702934
1704 0 0.7285430000000001
1705 0 0.7587120000000001
1706 0 0.9486830000000001
1707 0 0.8068650000000001
1708 0 0.876548
1709 0 0.854888
1710 0 0.941176
1711 0 0.94606
1712 0 0.721584
1713 0 0.686998
1714 0 0.769886
1715 0 0.953286
1716 0 0.933148
1717 0 0.914198
1718 0 0.845234
1719 0 0.97307
1720 0 0.844352
1721 0 0.841868
1722 0 0.976113
1723 0 0.836399
1724 0 0.947761
1725 0 0.688599
1726 0 0.666126
1727 0 0.678277
1728 0 0.921052
1729 0 0.9476250000000001
1730 0 0.961749
1731 0 0.937137
1732 0 0.852784
1733 0 0.906181
1734 0 0.69499
1735 0 0.796686
1736 0 0.82816
1737 0 0.944116
1738 0 0.87351
1739 0 0.897048
1740 0 0.695341
1741 0 0.8082160000000001
1742 0 0.98934
1743 0 0.760409
1744 0 0.896332
1745 0 0.764885
1746 0 0.963714
1747 0 0.825533
1748 0 0.814195
1749 0 0.72164
1750 0 0.809617
1751 0 0.996977
1752 0 0.887741
1753 0 0.875917
1754 0 0.933257
1755 0 0.940159
1756 0 0.796277
1757 0 0.891857
1758 0 0.7665380000000001
1759 0 0.788068
1760 0 0.943631
1761 0 0.789102
1762 0 0.746235
1763 0 0.687541
1764 0 0.837124
1765 0 0.883298
1766 0 0.805573
1767 0 0.884991
1768 0 0.895249
1769 0 0.953329
1770 0 0.775195
1771 0 0.762008
1772 0 0.730443
1773 0 0.854518
1774 0 0.952105
1775 0 0.839601
1776 0 0.853259
1777 0 0.702363
1778 0 0.980581
1779 0 0.842639
1780 0 0.834884
1781 0 0.920714
1782 0 0.977155
1783 0 0.848483
1784 0 0.839131
1785 0 0.789533
1786 0 0.740003
1787 0 0.989949
1788 0 0.821202
1789 0 0.913273
1790 0 0.830434
1791 0 0.933196
1792 0 0.961242
1793 0 0.768612
1794 0 0.944759
1795 0 0.841424
1796 0 0.9391929999999999
1797 0 0.863966
1798 0 0.770213
1799 0 0.760032
1800 0 0.903873
1801 0 0.929094
1802 0 0.841959
1803 0 0.903462
1804 0 0.75602
1805 0 0.906103
1806 0 0.690731
1807 0 0.785728
1808 0 0.800864
1809 0 0.936692
1810 0 0.915358
1811 0 0.840841
1812 0 0.840975
1813 0 0.7659280000000001
1814 0 0.955823
1815 0 0.801006
1816 0 0.816557
1817 0 0.895847
1818 0 0.953743
1819 0 0.885699
1820 0 0.709388
1821 0 0.735139
1822 0 0.735412
1823 0 0.916319
1824 0 0.965978
1825 0 0.893458
1826 0 0.858397
1827 0 0.903508
1828 0 0.946389
1829 0 0.80399
1830 0 0.904822
1831 0 0.88123
1832 0 0.953821
1833 0 0.7849310000000001
1834 0 0.733897
1835 0 0.743196
1836 0 0.980581
1837 0 0.921384
1838 0 0.777758
1839 0 0.8111930000000001
1840 0 0.829117
1841 0 0.880432
1842 0 0.794183
1843 0 0.821425
1844 0 0.689573
1845 0 0.929981
1846 0 0.839727
1847 0 0.757012
1848 0 0.7406120000000001
1849 0 0.81574
1850 0 0.9220080000000001
1851 0 0.815985
1852 0 0.868433
1853 0 0.804338
1854 0 0.900138
1855 0 0.925193
1856 0 0.820253
1857 0 0.72519
1858 0 0.742776
1859 0 0.96854
1860 0 0.925405
1861 0 0.867189
1862 0 0.897945
1863 0 0.97578
1864 0 0.797325
1865 0 0.8515160000000001
1866 0 0.842235
1867 0 0.832717
1868 0 0.929075
1869 0 0.806737
1870 0 0.76441
1871 0 0.802676
1872 0 0.910208
1873 0 0.85627
1874 0 0.906784
1875 0 0.983192
1876 0 0.7856
1877 0 0.97773
1878 0 0.707162
1879 0 0.762659
1880 0 0.775706
1881 0 0.925397
1882 0 0.89451
1883 0 0.787345
1884 0 0.739104
1885 0 0.7688620000000001
1886 0 0.982683
1887 0 0.787777
1888 0 0.838441
1889 0 0.908843
1890 0 0.985302
1891 0 0.842791
1892 0 0.816983
1893 0 0.73903
1894 0 0.783384
1895 0 0.98387
1896 0 0.914486
1897 0 0.97063
1898 0 0.904399
1899 0 0.999926
1900 0 0.979221
1901 0 0.900512
1902 0 0.874668
1903 0 0.931815
1904 0 0.972898
1905 0 0.77855
1906 0 0.7418050000000001
1907 0 0.778845
1908 0 0.9844309999999999
1909 0 0.863638
1910 0 0.878993
1911 0 0.8304
1912 0 0.826535
1913 0 0.895213
1914 0 0.74421
1915 0 0.772355
1916 0 0.713969
1917 0 0.960515
1918 0 0.879418
1919 0 0.715907
1920 0 0.830951
1921 0 0.679368
1922 0 0.919532
1923 0 0.743954
1924 0 0.841417
1925 0 0.8004250000000001
1926 0 0.989949
1927 0 0.8796270000000001
1928 0 0.836402
1929 0 0.733622
1930 0 0.821049
1931 0 0.921852
1932 0 0.792439
1933 0 0.724228
1934 0 0.951245
1935 0 0.872593
1936 0 0.960454
1937 0 0.921712
1938 0 0.868135
1939 0 0.873839
1940 0 0.982683
1941 0 0.7285430000000001
1942 0 0.745489
1943 0 0.803177
1944 0 0.970212
1945 0 0.967252
1946 0 0.801172
1947 0 0.742438
1948 0 0.873031
1949 0 0.874223
1950 0 0.764773
1951 0 0.9155100000000001
1952 0 0.795273
1953 0 0.925345
1954 0 0.824476
1955 0 0.81393
1956 0 0.833637
1957 0 0.786691
1958 0 0.963396
1959 0 0.794243
1960 0 0.908889
1961 0 0.772343
1962 0 0.93586
1963 0 0.935926
1964 0 0.8298640000000001
1965 0 0.717495
1966 0 0.73129
1967 0 0.873582
1968 0 0.7836880000000001
1969 0 0.815634
1970 0 0.8258720000000001
1971 0 0.954463
1972 0 0.856344
1973 0 0.818171
1974 0 0.937737
1975 0 0.943333
1976 0 0.9486830000000001
1977 0 0.873829
1978 0 0.834184
1979 0 0.68496
1980 0 0.897143
1981 0 0.910197
1982 0 0.92781
1983 0 0.844895
1984 0 0.906543
1985 0 0.9014760000000001
1986 0 0.701447
1987 0 0.85974
1988 0 0.806546
1989 0 0.961646
1990 0 0.810327
1991 0 0.829103
1992 0 0.736693
1993 0 0.736632
1994 0 0.972035
1995 0 0.891406
1996 0 0.85371
1997 0 0.720452
1998 0 0.887301
1999 0 0.886696
2000 0 0.783274
2001 0 0.773498
2002 0 0.859186
2003 0 0.909467
2004 0 0.86788
2005 0 0.895377
2006 0 0.766388
2007 0 0.961951
2008 0 0.890973
2009 0 0.86632
2010 0 0.880674
2011 0 0.950402
2012 0 0.982021
2013 0 0.777068
2014 0 0.716606
2015 0 0.804904
2016 0 0.8971940000000001
2017 0 0.872429
2018 0 0.869952
2019 0 0.8023900000000001
2020 0 0.877769
2021 0 0.983174
2022 0 0.743907
2023 0 0.7259060000000001
2024 0 0.720247
2025 0 0.89865
2026 0 0.906245
2027 0 0.675407
2028 0 0.8143590000000001
2029 0 0.7997840000000001
2030 0 0.915982
2031 0 0.848708
2032 0 0.890299
2033 0 0.9151280000000001
2034 0 0.875673
2035 0 0.8562570000000001
2036 0 0.685941
2037 0 0.662258
2038 0 0.714479
2039 0 0.984798
2040 0 0.879621
2041 0 0.748142
2042 0 0.908916
2043 0 0.931104
2044 0 0.944923
2045 0 0.885298
2046 0 0.909945
2047 0 0.831526
2048 0 0.973329
2049 0 0.703784
2050 0 0.87719
2051 0 0.839847
2052 0 0.9375
2053 0 0.846815
2054 0 0.792988
2055 0 0.879494
2056 0 0.804488
2057 0 0.944281
2058 0 0.822611
2059 0 0.908621
2060 0 0.780453
2061 0 0.911506
2062 0 0.861892
2063 0 0.904199
2064 0 0.766641
2065 0 0.695592
2066 0 0.997406
2067 0 0.847067
2068 0 0.902277
2069 0 0.8972290000000001
2070 0 0.980581
2071 0 0.8596200000000001
2072 0 0.701245
2073 0 0.812705
2074 0 0.724066
2075 0 0.973329
2076 0 0.721
2077 0 0.799549
2078 0 0.907191
2079 0 0.9379070000000001
2080 0 0.901559
2081 0 0.886674
2082 0 0.9394670000000001
2083 0 0.76797
2084 0 0.984798
2085 0 0.805101
2086 0 0.843969
2087 0 0.809893
2088 0 0.939181
2089 0 0.868702
2090 0 0.910053
2091 0 0.899993
2092 0 0.75539
2093 0 0.980375
2094 0 0.80203
2095 0 0.678371
2096 0 0.719698
2097 0 0.857801
2098 0 0.837658
2099 0 0.7059490000000001
2100 0 0.754049
2101 0 0.792058
2102 0 0.90796
2103 0 0.863683
2104 0 0.805002
2105 0 0.8437170000000001
2106 0 0.877771
2107 0 0.874696
2108 0 0.703832
2109 0 0.897601
2110 0 0.778489
2111 0 0.980581
2112 0 0.93342
2113 0 0.923866
2114 0 0.835496
2115 0 0.982683
2116 0 0.8807700000000001
2117 0 0.9619720000000001
2118 0 0.864394
2119 0 0.791731
2120 0 0.842441
2121 0 0.706093
2122 0 0.667648
2123 0 0.798339
2124 0 0.970143
2125 0 0.946758
2126 0 0.790356
2127 0 0.869299
2128 0 0.840871
2129 0 0.980581
2130 0 0.758373
2131 0 0.72804
2132 0 0.792716
2133 0 0.962658
2134 0 0.830997
2135 0 0.787526
2136 0 0.755618
2137 0 0.794839
2138 0 0.967075
2139 0 0.869824
2140 0 0.874174
2141 0 0.742617
2142 0 0.989949
2143 0 0.825772
2144 0 0.79044
2145 0 0.702345
2146 0 0.777045
2147 0 0.885154
2148 0 0.940931
2149 0 0.98103
2150 0 0.885025
2151 0 0.987658
2152 0 0.965686
2153 0 0.905891
2154 0 0.878628
2155 0 0.877459
2156 0 0.873691
2157 0 0.784701
2158 0 0.8270149999999999
2159 0 0.814605
2160 0 0.963087
2161 0 0.8693300000000001
2162 0 0.83571
2163 0 0.8810130000000001
2164 0 0.899952
2165 0 0.885409
2166 0 0.768346
2167 0 0.73997
2168 0 0.767864
2169 0 0.874609
2170 0 0.821994
2171 0 0.800881
2172 0 0.706977
2173 0 0.747078
2174 0 0.977615
2175 0 0.84395
2176 0 0.822916
2177 0 0.8821290000000001
2178 0 0.9609180000000001
2179 0 0.923412
2180 0 0.79636
2181 0 0.689262
2182 0 0.77084
2183 0 0.986134
2184 0 0.877275
2185 0 0.846419
2186 0 0.9789870000000001
2187 0 0.992278
2188 0 0.9353050000000001
2189 0 0.833626
2190 0 0.926117
2191 0 0.994668
2192 0 0.959749
2193 0 0.693172
2194 0 0.863839
2195 0 0.734942
2196 0 0.951672
2197 0 0.922773
2198 0 0.896878
2199 0 0.779011
2200 0 0.797826
2201 0 0.889333
2202 0 0.717413
2203 0 0.751099
2204 0 0.79135
2205 0 0.9108540000000001
2206 0 0.87905
2207 0 0.755907
2208 0 0.914184
2209 0 0.818692
2210 0 0.8790750000000001
2211 0 0.811221
2212 0 0.934617
2213 0 0.865725
2214 0 0.8742220000000001
2215 0 0.926877
2216 0 0.821758
2217 0 0.84322
2218 0 0.742517
2219 0 0.932005
2220 0 0.936113
2221 0 0.909012
2222 0 0.888308
2223 0 0.954013
2224 0 0.88226
2225 0 0.901384
2226 0 0.8256520000000001
2227 0 0.75334
2228 0 0.933101
2229 0 0.785418
2230 0 0.8096100000000001
2231 0 0.667336
2232 0 0.9046380000000001
2233 0 0.90567
2234 0 0.894133
2235 0 0.892153
2236 0 0.842633
2237 0 0.9561460000000001
2238 0 0.771745
2239 0 0.822536
2240 0 0.707171
2241 0 0.9025260000000001
2242 0 0.853607
2243 0 0.706401
2244 0 0.733978
2245 0 0.738428
2246 0 0.950867
2247 0 0.803783
2248 0 0.836262
2249 0 0.809794
2250 0 0.961347
2251 0 0.859116
2252 0 0.8033630000000001
2253 0 0.853721
2254 0 0.751842
2255 0 0.940456
2256 0 0.91209
2257 0 0.883795
2258 0 0.8642840000000001
2259 0 0.962799
2260 0 0.926023
2261 0 0.906296
2262 0 0.760965
2263 0 0.809038
2264 0 0.972747
2265 0 0.763049
2266 0 0.806035
2267 0 0.664688
2268 0 0.913564
2269 0 0.981112
2270 0 0.831089
2271 0 0.891112
2272 0 0.946969
2273 0 0.9396830000000001
2274 0 0.727368
2275 0 0.736688
2276 0 0.714604
2277 0 0.938059
2278 0 0.826472
2279 0 0.70425
2280 0 0.688279
2281 0 0.704736
2282 0 0.909269
2283 0 0.966716
2284 0 0.927573
2285 0 0.922612
2286 0 0.950006
2287 0 0.857303
2288 0 0.693793
2289 0 0.682607
2290 0 0.75733
2291 0 0.970143
2292 0 0.7677580000000001
2293 0 0.831271
2294 0 0.87065
2295 0 0.930555
2296 0 0.937634
2297 0 0.862642
2298 0 0.898709
2299 0 0.933584
2300 0 0.942021
2301 0 0.830829
2302 0 0.785377
2303 0 0.761242
2304 0 0.920705
2305 0 0.84653
2306 0 0.84998
2307 0 0.858795
2308 0 0.73128
2309 0 0.939377
2310 0 0.741675
2311 0 0.784044
2312 0 0.796919
2313 0 0.946813
2314 0 0.899919
2315 0 0.849653
2316 0 0.790167
2317 0 0.789789
2318 0 0.949238
2319 0 0.914897
2320 0 0.907277
2321 0 0.907626
2322 0 0.987512
2323 0 0.850497
2324 0 0.75747
2325 0 0.839947
2326 0 0.891333
2327 0 0.986394
2328 0 0.983669
2329 0 0.909426
2330 0 0.694581
2331 0 0.986394
2332 0 0.91976
2333 0 0.856259
2334 0 0.836956
2335 0 0.89521
2336 0 0.999506
2337 0 0.763458
2338 0 0.692811
2339 0 0.827942
2340 0 0.997785
2341 0 0.975167
2342 0 0.8553500000000001
2343 0 0.7847110000000001
2344 0 0.850339
2345 0 0.966454
2346 0 0.855976
2347 0 0.792498
2348 0 0.857891
2349 0 0.989949
2350 0 0.840515
2351 0 0.748332
2352 0 0.851164
2353 0 0.732421
2354 0 0.911014
2355 0 0.8401380000000001
2356 0 0.828099
2357 0 0.855318
2358 0 0.913457
2359 0 0.876257
2360 0 0.723341
2361 0 0.761991
2362 0 0.809927
2363 0 0.934405
2364 0 0.805655
2365 0 0.847297
2366 0 0.7680590000000001
2367 0 0.903017
2368 0 0.9348300000000001
2369 0 0.761109
2370 0 0.840631
2371 0 0.819365
2372 0 0.944909
2373 0 0.766054
2374 0 0.709899
2375 0 0.877034
2376 0 0.926482
2377 0 0.890493
2378 0 0.893091
2379 0 0.8079380000000001
2380 0 0.8303080000000001
2381 0 0.879319
2382 0 0.782926
2383 0 0.694326
2384 0 0.828014
2385 0 0.942668
2386 0 0.874923
2387 0 0.705318
2388 0 0.694659
2389 0 0.7294620000000001
2390 0 0.898959
2391 0 0.928582
2392 0 0.783198
2393 0 0.805982
2394 0 0.92435
2395 0 0.9690530000000001
2396 0 0.752949
2397 0 0.836082
2398 0 0.74031
2399 0 0.906832
2400 0 0.781018
2401 0 0.797724
2402 0 0.748542
2403 0 0.950063
2404 0 0.9463740000000001
2405 0 0.928628
2406 0 0.83856
2407 0 0.895062
2408 0 0.966537
2409 0 0.731082
2410 0 0.844766
2411 0 0.781321
2412 0 0.963792
2413 0 0.92179
2414 0 0.800538
2415 0 0.838742
2416 0 0.916947
2417 0 0.938904
2418 0 0.72063
2419 0 0.759155
2420 0 0.7804950000000001
2421 0 0.867982
2422 0 0.893542
2423 0 0.886478
2424 0 0.689957
2425 0 0.834217
2426 0 0.970143
2427 0 0.768959
2428 0 0.884743
2429 0 0.827801
2430 0 0.9726590000000001
2431 0 0.900809
2432 0 0.85515
2433 0 0.674375
2434 0 0.786567
2435 0 0.931226
2436 0 0.975062
2437 0 0.841295
2438 0 0.783884
2439 0 0.9679450000000001
2440 0 0.905919
2441 0 0.756875
2442 0 0.853896
2443 0 0.919635
2444 0 0.992278
2445 0 0.83277
2446 0 0.791944
2447 0 0.728132
2448 0 0.916949
2449 0 0.96529
2450 0 0.917447
2451 0 0.867949
2452 0 0.869539
2453 0 0.970143
2454 0 0.771993
2455 0 0.771381
2456 0 0.846733
2457 0 0.943359
2458 0 0.8001740000000001
2459 0 0.751691
2460 0 0.7729430000000001
2461 0 0.6818030000000001
2462 0 0.897301
2463 0 0.871243
2464 0 0.904956
2465 0 0.742594
2466 0 0.853908
2467 0 0.920453
2468 0 0.809016
2469 0 0.641573
2470 0 0.834208
2471 0 0.904857
2472 0 0.908499
2473 0 0.832237
2474 0 0.936405
2475 0 0.95149
2476 0 0.811051
2477 0 0.7275160000000001
2478 0 0.969481
2479 0 0.7237170000000001
2480 0 0.978874
2481 0 0.893553
2482 0 0.824415
2483 0 0.778357
2484 0 0.977626
2485 0 0.926775
2486 0 0.885887
2487 0 0.907701
2488 0 0.891556
2489 0 0.919601
2490 0 0.714451
2491 0 0.7630090000000001
2492 0 0.729784
2493 0 0.882817
2494 0 0.8311
2495 0 0.738804
2496 0 0.777949
2497 0 0.739402
2498 0 0.941611
2499 0 0.918168
2500 0 0.886688
2501 0 0.808107
2502 0 0.9152090000000001
2503 0 0.87491
2504 0 0.749941
2505 0 0.7855990000000001
2506 0 0.760278
2507 0 0.9957
2508 0 0.8870630000000001
2509 0 0.849882
2510 0 0.8657550000000001
2511 0 0.970143
2512 0 0.922822
2513 0 0.74403
2514 0 0.85629
2515 0 0.776084
2516 0 0.9615240000000001
2517 0 0.768884
2518 0 0.736826
2519 0 0.69741
2520 0 0.8984720000000001
2521 0 0.917103
2522 0 0.766215
2523 0 0.922333
2524 0 0.872231
2525 0 0.917387
2526 0 0.717929
2527 0 0.738775
2528 0 0.703305
2529 0 0.904007
2530 0 0.958777
2531 0 0.843951
2532 0 0.799968
2533 0 0.862505
2534 0 0.923596
2535 0 0.926474
2536 0 0.982026
2537 0 0.855964
2538 0 0.915436
2539 0 0.928306
2540 0 0.735605
2541 0 0.750097
2542 0 0.725271
2543 0 0.957704
2544 0 0.813335
2545 0 0.96014
2546 0 0.825534
2547 0 0.923823
2548 0 0.985048
2549 0 0.952834
2550 0 0.883
2551 0 0.8532419999999999
2552 0 0.951203
2553 0 0.727985
2554 0 0.836561
2555 0 0.787968
2556 0 0.961114
2557 0 0.856838
2558 0 0.941487
2559 0 0.915493
2560 0 0.890957
2561 0 0.931473
2562 0 0.838807
2563 0 0.740829
2564 0 0.597208
2565 0 0.93867
2566 0 0.855231
2567 0 0.747051
2568 0 0.73385
2569 0 0.6892970000000001
2570 0 0.966544
2571 0 0.864444
2572 0 0.734463
2573 0 0.843264
2574 0 0.974824
2575 0 0.849689
2576 0 0.650684
2577 0 0.75597
2578 0 0.758556
2579 0 0.992278
2580 0 0.8849
2581 0 0.948426
2582 0 0.919105
2583 0 0.8740560000000001
2584 0 0.9237030000000001
2585 0 0.884839
2586 0 0.865671
2587 0 0.969113
2588 0 0.9549840000000001
2589 0 0.76369
2590 0 0.796621
2591 0 0.842486
2592 0 0.908944
2593 0 0.891295
2594 0 0.871517
2595 0 0.908063
2596 0 0.916442
2597 0 0.9294519999999999
2598 0 0.799741
2599 0 0.717839
2600 0 0.770554
2601 0 0.844737
2602 0 0.842773
2603 0 0.910448
2604 0 0.783266
2605 0 0.721172
2606 0 0.908336
2607 0 0.915253
2608 0 0.85314
2609 0 0.877478
2610 0 0.914956
2611 0 0.818118
2612 0 0.82605
2613 0 0.878723
2614 0 0.838913
2615 0 0.970143
2616 0 0.8007570000000001
2617 0 0.944279
2618 0 0.829969
2619 0 0.989949
2620 0 0.911561
2621 0 0.915075
2622 0 0.914409
2623 0 0.868613
2624 0 0.926582
2625 0 0.7100570000000001
2626 0 0.836492
2627 0 0.874996
2628 0 0.914775
2629 0 0.907492
2630 0 0.787779
2631 0 0.904262
2632 0 0.754393
2633 0 0.846778
2634 0 0.736004
2635 0 0.63313
2636 0 0.711537
2637 0 0.916579
2638 0 0.846958
2639 0 0.727331
2640 0 0.691461
2641 0 0.781169
2642 0 0.979964
2643 0 0.763716
2644 0 0.910328
2645 0 0.816531
2646 0 0.986394
2647 0 0.826574
2648 0 0.883745
2649 0 0.688345
2650 0 0.822339
2651 0 0.95483
2652 0 0.913991
2653 0 0.922404
2654 0 0.878045
2655 0 0.945444
2656 0 0.92836
2657 0 0.874646
2658 0 0.898757
2659 0 0.7557430000000001
2660 0 0.992278
2661 0 0.767889
2662 0 0.7333460000000001
2663 0 0.837875
2664 0 0.990375
2665 0 0.90929
2666 0 0.877397
2667 0 0.860838
2668 0 0.938495
2669 0 0.92037
2670 0 0.737604
2671 0 0.629792
2672 0 0.912995
2673 0 0.859748
2674 0 0.84154
2675 0 0.783108
2676 0 0.695191
2677 0 0.80549
2678 0 0.924933
2679 0 0.8580680000000001
2680 0 0.885036
2681 0 0.821676
2682 0 0.992278
2683 0 0.8789
2684 0 0.855022
2685 0 0.809103
2686 0 0.736346
2687 0 0.980681
2688 0 0.986132
2689 0 0.831284
2690 0 0.899968
2691 0 0.923002
2692 0 0.859917
2693 0 0.826705
2694 0 0.9651610000000001
2695 0 0.828987
2696 0 0.9486830000000001
2697 0 0.845293
2698 0 0.878652
2699 0 0.821354
2700 0 0.948869
2701 0 0.970389
2702 0 0.894334
2703 0 0.77462
2704 0 0.916663
2705 0 0.9677980000000001
2706 0 0.701255
2707 0 0.784212
2708 0 0.719166
2709 0 0.97548
2710 0 0.92362
2711 0 0.82853
2712 0 0.715922
2713 0 0.817235
2714 0 0.9271430000000001
2715 0 0.921857
2716 0 0.968372
2717 0 0.791092
2718 0 0.992363
2719 0 0.896553
2720 0 0.799776
2721 0 0.780585
2722 0 0.754455
2723 0 0.95638
2724 0 0.9214210000000001
2725 0 0.911647
2726 0 0.870834
2727 0 0.967704
2728 0 0.861014
2729 0 0.905168
2730 0 0.825137
2731 0 0.82939
2732 0 0.964237
2733 0 0.827963
2734 0 0.793979
2735 0 0.84853
2736 0 0.9486830000000001
2737 0 0.922991
2738 0 0.922043
2739 0 0.979988
2740 0 0.900358
2741 0 0.89291
2742 0 0.823408
2743 0 0.869668
2744 0 0.838865
2745 0 0.9617520000000001
2746 0 0.867583
2747 0 0.702274
2748 0 0.738608
2749 0 0.783196
2750 0 0.9438180000000001
2751 0 0.799103
2752 0 0.884014
2753 0 0.732853
2754 0 0.905758
2755 0 0.8570410000000001
2756 0 0.674762
2757 0 0.745278
2758 0 0.754028
2759 0 0.9847320000000001
2760 0 0.939246
2761 0 0.906327
2762 0 0.950801
2763 0 0.994741
2764 0 0.856275
2765 0 0.7882439999999999
2766 0 0.95484
2767 0 0.7229870000000001
2768 0 0.962915
2769 0 0.786089
2770 0 0.746543
2771 0 0.789949
2772 0 0.98387
2773 0 0.964612
2774 0 0.81937
2775 0 0.88131
2776 0 0.879255
2777 0 0.940232
2778 0 0.754235
2779 0 0.776134
2780 0 0.7943210000000001
2781 0 0.836233
2782 0 0.845872
2783 0 0.694744
2784 0 0.757622
2785 0 0.8447670000000001
2786 0 0.970966
2787 0 0.93327
2788 0 0.932345
2789 0 0.768419
2790 0 0.975893
2791 0 0.928926
2792 0 0.649707
2793 0 0.710182
2794 0 0.822917
2795 0 0.932531
2796 0 0.832798
2797 0 0.846695
2798 0 0.876527
2799 0 0.933281
2800 0 0.950356
2801 0 0.882391
2802 0 0.906617
2803 0 0.825726
2804 0 0.9705200000000001
2805 0 0.766204
2806 0 0.803157
2807 0 0.722623
2808 0 0.980581
2809 0 0.854919
2810 0 0.7407010000000001
2811 0 0.929519
2812 0 0.884456
2813 0 0.980581
2814 0 0.7660130000000001
2815 0 0.769427
2816 0 0.760366
2817 0 0.878053
2818 0 0.910527
2819 0 0.829458
2820 0 0.804184
2821 0 0.8692800000000001
2822 0 0.932505
2823 0 0.889352
2824 0 0.904257
2825 0 0.867514
2826 0 0.9733230000000001
2827 0 0.869816
2828 0 0.7240180000000001
2829 0 0.77216
2830 0 0.75991
2831 0 0.914751
2832 0 0.934393
2833 0 0.785432
2834 0 0.916629
2835 0 0.935631
2836 0 0.933869
2837 0 0.939805
2838 0 0.955556
2839 0 0.82752
2840 0 0.962185
2841 0 0.751925
2842 0 0.757109
2843 0 0.687167
2844 0 0.851034
2845 0 0.9873
2846 0 0.824006
2847 0 0.9248070000000001
2848 0 0.8165480000000001
2849 0 0.906318
2850 0 0.801804
2851 0 0.79833
2852 0 0.700016
2853 0 0.939963
2854 0 0.881989
2855 0 0.821605
2856 0 0.728975
2857 0 0.664864
2858 0 0.980581
2859 0 0.828903
2860 0 0.967209
2861 0 0.887092
2862 0 0.906041
2863 0 0.794208
2864 0 0.818392
2865 0 0.821429
2866 0 0.787544
2867 0 0.986394
2868 0 0.964558
2869 0 0.8643420000000001
2870 0 0.699812
2871 0 0.942809
2872 0 0.951716
2873 0 0.736057
2874 0 0.850116
2875 0 0.921185
2876 0 0.991228
2877 0 0.804505
2878 0 0.761675
2879 0 0.791119
2880 0 0.909617
2881 0 0.921474
2882 0 0.84829
2883 0 0.788777
2884 0 0.82043
2885 0 0.9836780000000001
2886 0 0.776937
2887 0 0.689228
2888 0 0.832272
2889 0 0.87396
2890 0 0.83651
2891 0 0.852575
2892 0 0.807017
2893 0 0.859555
2894 0 0.929661
2895 0 0.829674
2896 0 0.885477
2897 0 0.8290689999999999
2898 0 0.902691
2899 0 0.8853220000000001
2900 0 0.790339
2901 0 0.875614
2902 0 0.7747270000000001
2903 0 0.974391
2904 0 0.824629
2905 0 0.783498
2906 0 0.729568
2907 0 0.863738
2908 0 0.848614
2909 0 0.749735
2910 0 0.965144
2911 0 0.828884
2912 0 0.966762
2913 0 0.725748
2914 0 0.827278
2915 0 0.718487
2916 0 0.936388
2917 0 0.96646
2918 0 0.8953680000000001
2919 0 0.873598
2920 0 0.976575
2921 0 0.922257
2922 0 0.751233
2923 0 0.762501
2924 0 0.806667
2925 0 0.927419
2926 0 0.870816
2927 0 0.716034
2928 0 0.7803
2929 0 0.806925
2930 0 0.9252240000000001
2931 0 0.837884
2932 0 0.916604
2933 0 0.809741
2934 0 0.963481
2935 0 0.893282
2936 0 0.764158
2937 0 0.820205
2938 0 0.817229
2939 0 0.882498
2940 0 0.930179
2941 0 0.757275
2942 0 0.746296
2943 0 0.970143
2944 0 0.866434
2945 0 0.778126
2946 0 0.894427
2947 0 0.885586
2948 0 0.9615240000000001
2949 0 0.731302
2950 0 0.843479
2951 0 0.739679
2952 0 0.933257
2953 0 0.957394
2954 0 0.828539
2955 0 0.8687550000000001
2956 0 0.868344
2957 0 0.883379
2958 0 0.863907
2959 0 0.900009
2960 0 0.850981
2961 0 0.94495
2962 0 0.8296170000000001
2963 0 0.672718
2964 0 0.817723
2965 0 0.653975
2966 0 0.935891
2967 0 0.8970630000000001
2968 0 0.940697
2969 0 0.792401
2970 0 0.916641
2971 0 0.806366
2972 0 0.705846
2973 0 0.718114
2974 0 0.762486
2975 0 0.961384
2976 0 0.862128
2977 0 0.914557
2978 0 0.825073
2979 0 0.929673
2980 0 0.824634
2981 0 0.899023
2982 0 0.8977579999999999
2983 0 0.994053
2984 0 0.980581
2985 0 0.759683
2986 0 0.863718
2987 0 0.787756
2988 0 0.856158
2989 0 0.959561
2990 0 0.8504620000000001
2991 0 0.837091
2992 0 0.907413
2993 0 0.935366
2994 0 0.827881
2995 0 0.790098
2996 0 0.713369
2997 0 0.915065
2998 0 0.867661
2999 0 0.744443
3000 0 0.805252
3001 0 0.6732900000000001
3002 0 0.944018
3003 0 0.942344
3004 0 0.897277
3005 0 0.825628
3006 0 0.968616
3007 0 0.881694
3008 0 0.7544
3009 0 0.822921
3010 0 0.796109
3011 0 0.977939
3012 0 0.981435
3013 0 0.8867
3014 0 0.850337
3015 0 0.960747
3016 0 0.930134
3017 0 0.885315
3018 0 0.917334
3019 0 0.868004
3020 0 0.963703
3021 0 0.7978920000000001
3022 0 0.705562
3023 0 0.626856
3024 0 0.911566
3025 0 0.927658
3026 0 0.701295
3027 0 0.888012
3028 0 0.875979
3029 0 0.953849
3030 0 0.80265
3031 0 0.749508
3032 0 0.789482
3033 0 0.902185
3034 0 0.909825
3035 0 0.697704
3036 0 0.773529
3037 0 0.8286790000000001
3038 0 0.992278
3039 0 0.919499
3040 0 0.882455
3041 0 0.840947
3042 0 0.904331
3043 0 0.885867
3044 0 0.803145
3045 0 0.823142
3046 0 0.736883
3047 0 0.8941980000000001
3048 0 0.897057
3049 0 0.971895
3050 0 0.879023
3051 0 0.869436
3052 0 0.917355
3053 0 0.945139
3054 0 0.902385
3055 0 0.9379380000000001
3056 0 0.920651
3057 0 0.911103
3058 0 0.8300340000000001
3059 0 0.756056
3060 0 0.901226
3061 0 0.901245
3062 0 0.890244
3063 0 0.893918
3064 0 0.86782
3065 0 0.925343
3066 0 0.73629
3067 0 0.675601
3068 0 0.793497
3069 0 0.885438
3070 0 0.902663
3071 0 0.770551
3072 0 0.740138
3073 0 0.780619
3074 0 0.891472
3075 0 0.83973
3076 0 0.966243
3077 0 0.861804
3078 0 0.960911
3079 0 0.766331
3080 0 0.772424
3081 0 0.793026
3082 0 0.70256
3083 0 0.94142
3084 0 0.893566
3085 0 0.897749
3086 0 0.96984
3087 0 0.913287
3088 0 0.9805
3089 0 0.871995
3090 0 0.928592
3091 0 0.883375
3092 0 0.928477
3093 0 0.734312
3094 0 0.951996
3095 0 0.7032580000000001
3096 0 0.9847320000000001
3097 0 0.852739
3098 0 0.874547
3099 0 0.878437
3100 0 0.845772
3101 0 0.944384
3102 0 0.719918
3103 0 0.753731
3104 0 0.688464
3105 0 0.888877
3106 0 0.865018
3107 0 0.843467
3108 0 0.747491
3109 0 0.733702
3110 0 0.891292
3111 0 0.878965
3112 0 0.909948
3113 0 0.86883
3114 0 0.938906
3115 0 0.831456
3116 0 0.596577
3117 0 0.763526
3118 0 0.781506
3119 0 0.919638
3120 0 0.918055
3121 0 0.966572
3122 0 0.883437
3123 0 0.912029
3124 0 0.8077180000000001
3125 0 0.821739
3126 0 0.855134
3127 0 0.808123
3128 0 0.892604
3129 0 0.7403880000000001
3130 0 0.785559
3131 0 0.651954
3132 0 0.872872
3133 0 0.889963
3134 0 0.849225
3135 0 0.844024
3136 0 0.802401
3137 0 0.923061
3138 0 0.8227100000000001
3139 0 0.843773
3140 0 0.764461
3141 0 0.903841
3142 0 0.845833
3143 0 0.724403
3144 0 0.792893
3145 0 0.8364970000000001
3146 0 0.909955
3147 0 0.8856230000000001
3148 0 0.9532310000000001
3149 0 0.846495
3150 0 0.884819
3151 0 0.787046
3152 0 0.646632
3153 0 0.870297
3154 0 0.777625
3155 0 0.932306
3156 0 0.827701
3157 0 0.8725770000000001
3158 0 0.729896
3159 0 0.94992
3160 0 0.843224
3161 0 0.7328980000000001
3162 0 0.85576
3163 0 0.9713500000000001
3164 0 0.966155
3165 0 0.7944
3166 0 0.763733
3167 0 0.635999
3168 0 0.926212
3169 0 0.926916
3170 0 0.825846
3171 0 0.934481
3172 0 0.904809
3173 0 0.95651
3174 0 0.80037
3175 0 0.882718
3176 0 0.817963
3177 0 0.9430420000000001
3178 0 0.835838
3179 0 0.692493
3180 0 0.846298
3181 0 0.7107560000000001
3182 0 0.942422
3183 0 0.871089
3184 0 0.926963
3185 0 0.828241
3186 0 0.930707
3187 0 0.871284
3188 0 0.617187
3189 0 0.775783
3190 0 0.85752
3191 0 0.975426
3192 0 0.800911
3193 0 0.977434
3194 0 0.820338
3195 0 0.915259
3196 0 0.905498
3197 0 0.847758
3198 0 0.906072
3199 0 0.80119
3200 0 0.945931
3201 0 0.740819
3202 0 0.912793
3203 0 0.617937
3204 0 0.910208
3205 0 0.954888
3206 0 0.901545
3207 0 0.959515
3208 0 0.824693
3209 0 0.959024
3210 0 0.761479
3211 0 0.808264
3212 0 0.787369
3213 0 0.908053
3214 0 0.917189
3215 0 0.785162
3216 0 0.708768
3217 0 0.699203
3218 0 0.939072
3219 0 0.818479
3220 0 0.895714
3221 0 0.743712
3222 0 0.9191240000000001
3223 0 0.874771
3224 0 0.789112
3225 0 0.741212
3226 0 0.78355
3227 0 0.986394
3228 0 0.8619830000000001
3229 0 0.938559
3230 0 0.764568
3231 0 0.905241
3232 0 0.937412
3233 0 0.973363
3234 0 0.89384
3235 0 0.760668
3236 0 0.9622500000000001
3237 0 0.787797
3238 0 0.760006
3239 0 0.78009
3240 0 0.910039
3241 0 0.895949
3242 0 0.821867
3243 0 0.861996
3244 0 0.815078
3245 0 0.903376
3246 0 0.817703
3247 0 0.810675
3248 0 0.6796140000000001
3249 0 0.920358
3250 0 0.784234
3251 0 0.800514
3252 0 0.6879340000000001
3253 0 0.824553
3254 0 0.950663
3255 0 0.875576
3256 0 0.839073
3257 0 0.750553
3258 0 0.937596
3259 0 0.781633
3260 0 0.755177
3261 0 0.823327
3262 0 0.770495
3263 0 0.897573
3264 0 0.932195
3265 0 0.9889250000000001
3266 0 0.967777
3267 0 0.985957
3268 0 0.932734
3269 0 0.877671
3270 0 0.912638
3271 0 0.7999190000000001
3272 0 0.949186
3273 0 0.740865
3274 0 0.831791
3275 0 0.735093
3276 0 0.974355
3277 0 0.827433
3278 0 0.886177
3279 0 0.99131
3280 0 0.795639
3281 0 0.903489
3282 0 0.736798
3283 0 0.698449
3284 0 0.848678
3285 0 0.903062
3286 0 0.820805
3287 0 0.835813
3288 0 0.817821
3289 0 0.789077
3290 0 0.955653
3291 0 0.924203
3292 0 0.904704
3293 0 0.974039
3294 0 0.99516
3295 0 0.82768
3296 0 0.733337
3297 0 0.704171
3298 0 0.900027
3299 0 0.93473
3300 0 0.8192080000000001
3301 0 0.944758
3302 0 0.769685
3303 0 0.89463
3304 0 0.907921
3305 0 0.822161
3306 0 0.895884
3307 0 0.803706
3308 0 0.975537
3309 0 0.804231
3310 0 0.859101
3311 0 0.728347
3312 0 0.976808
3313 0 0.838644
3314 0 0.875506
3315 0 0.965567
3316 0 0.898362
3317 0 0.954019
3318 0 0.833921
3319 0 0.73777
3320 0 0.779875
3321 0 0.928279
3322 0 0.878521
3323 0 0.819536
3324 0 0.787272
3325 0 0.790245
3326 0 0.925653
3327 0 0.893776
3328 0 0.956622
3329 0 0.809928
3330 0 0.920032
3331 0 0.8186
3332 0 0.808313
3333 0 0.7615960000000001
3334 0 0.745313
3335 0 0.986394
3336 0 0.918966
3337 0 0.9054370000000001
3338 0 0.774495
3339 0 0.951324
3340 0 0.854332
3341 0 0.8624190000000001
3342 0 0.8833450000000001
3343 0 0.849226
3344 0 0.870631
3345 0 0.840435
3346 0 0.868208
3347 0 0.7594840000000001
3348 0 0.9624
3349 0 0.857698
3350 0 0.878253
3351 0 0.943495
3352 0 0.977116
3353 0 0.925751
3354 0 0.80369
3355 0 0.810732
3356 0 0.658071
3357 0 0.818153
3358 0 0.928875
3359 0 0.852334
3360 0 0.739784
3361 0 0.8395010000000001
3362 0 0.961351
3363 0 0.974784
3364 0 0.926696
3365 0 0.949943
3366 0 0.850421
3367 0 0.753625
3368 0 0.7545
3369 0 0.8688630000000001
3370 0 0.7291570000000001
3371 0 0.928477
3372 0 0.923129
3373 0 0.918935
3374 0 0.835557
3375 0 0.951728
3376 0 0.888259
3377 0 0.785643
3378 0 0.989627
3379 0 0.775869
3380 0 0.965095
3381 0 0.7126130000000001
3382 0 0.881371
3383 0 0.626866
3384 0 0.946976
3385 0 0.912446
3386 0 0.800704
3387 0 0.944265
3388 0 0.908964
3389 0 0.949777
3390 0 0.775015
3391 0 0.726955
3392 0 0.775841
3393 0 0.907787
3394 0 0.814537
3395 0 0.716106
3396 0 0.707834
3397 0 0.819689
3398 0 0.96613
3399 0 0.915591
3400 0 0.873301
3401 0 0.797937
3402 0 0.903463
3403 0 0.854008
3404 0 0.685959
3405 0 0.684245
3406 0 0.735469
3407 0 0.992278
3408 0 0.899832
3409 0 0.965465
3410 0 0.791859
3411 0 0.949836
3412 0 0.773965
3413 0 0.784705
3414 0 0.90861
3415 0 0.888467
3416 0 0.907365
3417 0 0.763728
3418 0 0.7315430000000001
3419 0 0.666005
3420 0 0.894427
3421 0 0.891516
3422 0 0.843159
3423 0 0.871324
3424 0 0.977526
3425 0 0.9847320000000001
3426 0 0.850329
3427 0 0.773219
3428 0 0.818278
3429 0 0.913532
3430 0 0.829551
3431 0 0.690588
3432 0 0.715345
3433 0 0.85477
3434 0 0.972475
3435 0 0.845531
3436 0 0.972232
3437 0 0.749097
3438 0 0.978726
3439 0 0.865467
3440 0 0.624068
3441 0 0.752887
3442 0 0.850006
3443 0 0.959616
3444 0 0.901141
3445 0 0.956603
3446 0 0.676917
3447 0 0.940636
3448 0 0.809357
3449 0 0.838525
3450 0 0.785972
3451 0 0.837991
3452 0 0.982683
3453 0 0.708122
3454 0 0.881698
3455 0 0.674007
3456 0 0.8845380000000001
3457 0 0.900121
3458 0 0.755454
3459 0 0.934767
3460 0 0.892492
3461 0 0.963087
3462 0 0.831487
3463 0 0.851182
3464 0 0.779227
3465 0 0.925369
3466 0 0.780143
3467 0 0.785838
3468 0 0.770027
3469 0 0.764867
3470 0 0.9247
3471 0 0.883713
3472 0 0.8717510000000001
3473 0 0.881186
3474 0 0.88959
3475 0 0.898285
3476 0 0.765128
3477 0 0.722615
3478 0 0.749423
3479 0 0.943456
3480 0 0.931269
3481 0 0.979365
3482 0 0.826373
3483 0 0.974164
3484 0 0.896712
3485 0 0.787636
3486 0 0.910068
3487 0 0.913045
3488 0 0.919239
3489 0 0.759004
3490 0 0.709881
3491 0 0.779386
3492 0 0.9616670000000001
3493 0 0.959421
3494 0 0.952117
3495 0 0.896236
3496 0 0.882452
3497 0 0.947937
3498 0 0.84742
3499 0 0.797887
3500 0 0.708178
3501 0 0.885749
3502 0 0.86447
3503 0 0.779033
3504 0 0.697128
3505 0 0.697195
3506 0 0.949809
3507 0 0.842336
3508 0 0.979215
3509 0 0.7198600000000001
3510 0 0.889696
3511 0 0.809182
3512 0 0.755714
3513 0 0.792933
3514 0 0.819501
3515 0 0.9602850000000001
3516 0 0.895986
3517 0 0.933238
3518 0 0.795587
3519 0 0.980438
3520 0 0.852785
3521 0 0.821319
3522 0 0.766469
3523 0 0.948202
3524 0 0.980581
3525 0 0.86812
3526 0 0.835759
3527 0 0.762375
3528 0 0.876159
3529 0 0.767049
3530 0 0.7932320000000001
3531 0 0.895313
3532 0 0.936185
3533 0 0.966769
3534 0 0.773352
3535 0 0.695338
3536 0 0.807518
3537 0 0.847647
3538 0 0.784562
3539 0 0.768809
3540 0 0.77017
3541 0 0.763999
3542 0 0.975403
3543 0 0.9357180000000001
3544 0 0.929974
3545 0 0.889349
3546 0 0.947089
3547 0 0.831118
3548 0 0.8376900000000001
3549 0 0.71123
3550 0 0.752754
3551 0 0.953821
3552 0 0.827395
3553 0 0.9448530000000001
3554 0 0.706817
3555 0 0.927487
3556 0 0.908075
3557 0 0.81533
3558 0 0.949636
3559 0 0.909292
3560 0 0.898929
3561 0 0.807855
3562 0 0.6658460000000001
3563 0 0.648408
3564 0 0.92221
3565 0 0.863845
3566 0 0.894738
3567 0 0.955988
3568 0 0.9903380000000001
3569 0 0.976187
3570 0 0.92659
3571 0 0.763556
3572 0 0.7300640000000001
3573 0 0.882233
3574 0 0.81847
3575 0 0.758059
3576 0 0.850877
3577 0 0.812554
3578 0 0.9317220000000001
3579 0 0.9087150000000001
3580 0 0.959811
3581 0 0.777648
3582 0 0.994277
3583 0 0.859051
3584 0 0.666389
3585 0 0.811762
3586 0 0.793477
3587 0 0.929097
3588 0 0.927527
3589 0 0.9383
3590 0 0.657097
3591 0 0.911322
3592 0 0.900402
3593 0 0.731444
3594 0 0.909108
3595 0 0.83975
3596 0 0.851629
3597 0 0.7655
3598 0 0.884043
3599 0 0.666644
3600 0 0.959558
3601 0 0.87102
3602 0 0.881128
3603 0 0.933056
3604 0 0.965001
3605 0 0.939804
3606 0 0.782942
3607 0 0.817462
3608 0 0.761012
3609 0 0.992278
3610 0 0.91489
3611 0 0.890158
3612 0 0.7349290000000001
3613 0 0.830015
3614 0 0.966018
3615 0 0.951634
3616 0 0.962926
3617 0 0.853173
3618 0 0.9243440000000001
3619 0 0.85073
3620 0 0.638692
3621 0 0.8300380000000001
3622 0 0.79433
3623 0 0.924474
3624 0 0.870054
3625 0 0.9035530000000001
3626 0 0.869741
3627 0 0.926254
3628 0 0.7854
3629 0 0.823162
3630 0 0.901938
3631 0 0.844031
3632 0 0.9399149999999999
3633 0 0.727637
3634 0 0.87109
3635 0 0.72419
3636 0 0.9452890000000001
3637 0 0.802164
3638 0 0.905108
3639 0 0.973186
3640 0 0.837955
3641 0 0.976187
3642 0 0.794331
3643 0 0.779195
3644 0 0.767039
3645 0 0.898293
3646 0 0.874705
3647 0 0.758282
3648 0 0.741986
3649 0 0.821702
3650 0 0.943573
3651 0 0.904896
3652 0 0.951218
3653 0 0.888263
3654 0 0.8199920000000001
3655 0 0.813572
3656 0 0.816618
3657 0 0.660584
3658 0 0.744814
3659 0 0.925897
3660 0 0.961244
3661 0 0.949098
3662 0 0.86164
3663 0 0.943169
3664 0 0.861794
3665 0 0.840979
3666 0 0.941997
3667 0 0.9122360000000001
3668 0 0.90265
3669 0 0.748121
3670 0 0.811801
3671 0 0.748616
3672 0 0.940801
3673 0 0.88107
3674 0 0.832406
3675 0 0.989496
3676 0 0.92411
3677 0 0.967735
3678 0 0.835071
3679 0 0.740723
3680 0 0.873313
3681 0 0.914693
3682 0 0.858793
3683 0 0.811258
3684 0 0.830657
3685 0 0.737945
3686 0 0.992278
3687 0 0.8630560000000001
3688 0 0.943721
3689 0 0.842158
3690 0 0.94765
3691 0 0.807927
3692 0 0.71268
3693 0 0.747772
3694 0 0.773342
3695 0 0.925786
3696 0 0.926135
3697 0 0.982504
3698 0 0.835162
3699 0 0.945875
3700 0 0.813007
3701 0 0.82609
3702 0 0.963603
3703 0 0.975721
3704 0 0.966398
3705 0 0.7491100000000001
3706 0 0.830519
3707 0 0.672606
3708 0 0.884879
3709 0 0.9185680000000001
3710 0 0.8912600000000001
3711 0 0.960008
3712 0 0.914546
3713 0 0.963087
3714 0 0.816005
3715 0 0.882313
3716 0 0.725422
3717 0 0.856349
3718 0 0.845065
3719 0 0.72006
3720 0 0.690466
3721 0 0.900375
3722 0 0.943713
3723 0 0.890968
3724 0 0.983955
3725 0 0.880107
3726 0 0.986394
3727 0 0.7815800000000001
3728 0 0.648766
3729 0 0.946898
3730 0 0.899205
3731 0 0.91437
3732 0 0.921454
3733 0 0.957136
3734 0 0.678082
3735 0 0.892723
3736 0 0.863116
3737 0 0.71541
3738 0 0.93553
3739 0 0.932272
3740 0 0.98965
3741 0 0.809047
3742 0 0.907308
3743 0 0.691032
3744 0 0.904534
3745 0 0.894961
3746 0 0.888105
3747 0 0.7861900000000001
3748 0 0.908913
3749 0 0.961724
3750 0 0.848773
3751 0 0.91188
3752 0 0.791354
3753 0 0.884942
3754 0 0.843957
3755 0 0.7483
3756 0 0.67881
3757 0 0.7803560000000001
3758 0 0.969671
3759 0 0.911219
3760 0 0.920287
3761 0 0.773492
3762 0 0.914093
3763 0 0.859024
3764 0 0.680253
3765 0 0.785964
3766 0 0.831114
3767 0 0.903093
3768 0 0.871359
3769 0 0.969436
3770 0 0.901884
3771 0 0.936195
3772 0 0.814074
3773 0 0.6997330000000001
3774 0 0.933758
3775 0 0.846037
3776 0 0.986736
3777 0 0.908963
3778 0 0.705977
3779 0 0.782427
3780 0 0.922792
